%% This file contains the CLINICAL DATA of the Patients

%Patients=[Id Age Height Weight Gender C50 Gamma E0 Emax];

Patients=[1   40   163   54   2   6.33   2.24   98.8    94.10;
          2   36   163   50   2   6.76   4.29   98.6    86.00;
          3   28   164   52   2   8.44   4.10   91.2    80.70;
          4   50   163   83   2   6.44   2.18   95.9    102.00;
          5   28   164   60   1   4.93   2.46   94.7    85.30;
          6   43   163   59   2  12.00   2.42   90.2    147.00;
          7   37   187   75   1   8.02   2.10   92.0    104.00;
          8   38   174   80   2   6.56   4.12   95.5    76.40;
          9   41   170   70   2   6.15   6.89   89.2    63.80;
         10   37   167   58   2  13.70   1.65   83.1    151.00;
         11   42   179   78   1   4.82   1.85   91.8    77.90;
         12   34   172   58   2   4.95   1.84   96.2    90.80;
         13   38   169   65   2   7.42   3.00   93.1    96.58]; %line 13 is average of lines 1-12